1 0.3116964285714286 0.5428267477203648 0.6233749999999999 0.9143465045592705
1 0.8031607142857142 0.5788753799392097 0.3400892857142857 0.22382978723404257
1 0.9078750000000001 0.3447112462006079 0.17451785714285714 0.2168996960486322
1 0.6266250000000001 0.34194528875379937 0.5373392857142858 0.29428571428571426
1 0.4882321428571429 0.6092705167173252 0.3498392857142857 0.33711246200607903
1 0.2471607142857143 0.8634954407294833 0.24594642857142857 0.21829787234042553
1 0.3429464285714286 0.3619756838905775 0.3271071428571429 0.21000000000000002
1 0.3510535714285714 0.3080851063829787 0.30276785714285714 0.2127659574468085
1 0.5154285714285715 0.1651063829787234 0.2629821428571429 0.13401215805471126
1 0.19317857142857145 0.5616109422492401 0.2629821428571429 0.26389057750759876
